y0: 0
x0: 1
x30: 0.866025403784439
y30: 0.5
x45: 0.707106781186548
y45: 0.707106781186547
x60: 0.5
y60: 0.866025403784439
y90: 1
x90: 0
xm45: 0.707106781186548
ym45: -0.707106781186547
