y0: 0
x0: 1
x30: 0.866025
y30: 0.5
x45: 0.707107
y45: 0.707107
x60: 0.5
y60: 0.866025
y90: 1
x90: 0
xm45: 0.707107
ym45: -0.707107
